,TS,ERR^LC,ERR^LC std,ERR^LF,ERR^LF std,ERR^LT,ERR^LT std,ERR,ERR std,W_ERR,W_ERR std,CIC,CIC std
0,NOAUG,30.1,2.0724,28.3,1.9702,8.95,0.7762,22.45,4.8188,10.7909,4.8188,13.5,1.3475
1,"AUG, g=0.0001",29.5,2.345,24.3889,1.6494,9.8889,1.0643,21.2593,5.0587,11.4394,5.0587,11.3704,1.3315
2,"AUG, g=0.00019952623149688788",26.3333,2.3734,24.3333,2.6342,9.1667,1.7123,19.9444,6.7199,10.6364,6.7199,10.7778,1.6692
3,"AUG, g=0.00039810717055349735",28.0714,1.7472,24.7857,1.0148,10.3571,1.6511,21.0714,4.413,11.8182,4.413,10.7143,0.9206
4,"AUG, g=0.0007943282347242813",23.5,4.9497,31.75,6.5407,13.0,0.7071,22.75,12.1976,14.3295,12.1976,9.75,3.8302
5,"AUG, g=0.001584893192461114",29.0,3.3028,26.0,3.1349,7.5,2.3893,20.8333,8.827,9.3182,8.827,13.3333,2.1459
6,"AUG, g=0.0031622776601683794",29.3571,2.4726,24.6429,3.1511,10.8571,1.2271,21.619,6.8507,12.3247,6.8507,10.7619,1.8746
7,"AUG, g=0.00630957344480193",26.0,2.0614,25.2143,1.9092,10.5,1.1856,20.5714,5.1562,11.8734,5.1562,10.0714,1.3235
8,"AUG, g=0.012589254117941675",25.8333,2.3715,25.5833,1.7598,11.9167,1.2258,21.1111,5.3571,13.1705,5.3571,9.1944,1.3771
9,"AUG, g=0.025118864315095794",28.7778,2.3181,28.1111,1.8386,11.5,0.9751,22.7963,5.1319,13.0404,5.1319,11.2963,1.3856
10,"AUG, g=0.0501187233627272",28.5,3.6836,22.5,3.3764,9.6667,2.7183,20.2222,9.7783,11.1061,9.7783,10.5556,2.3533
11,"AUG, g=0.1",29.6875,1.7896,29.125,1.7915,11.4375,1.0356,23.4167,4.6166,13.071,4.6166,11.9792,1.1937
12,"DIFF with AUG, g=0.0001",21.8333,3.3409,22.9167,3.519,9.25,2.2024,18.0,9.0623,10.4432,9.0623,8.75,2.2866
13,"ADV, CLSDIV=0, eps=1e-06",33.2941,1.684,30.9706,1.3687,18.9118,1.4372,27.7255,4.4898,20.1136,4.4898,8.8137,1.0175
14,"ADV, CLSDIV=0, eps=1.778279410038923e-05",31.8333,3.2257,30.2667,3.7685,19.8333,2.9202,27.3111,9.9144,20.853,9.9144,7.4778,2.3314
15,"ADV, CLSDIV=0, eps=0.00031622776601683794",30.5,2.6642,28.9643,2.5675,17.2143,1.5779,25.5595,6.8096,18.3523,6.8096,8.3452,1.7439
16,"ADV, CLSDIV=0, eps=0.005623413251903491",30.0,1.4989,31.3571,2.3893,16.25,1.308,25.869,5.1962,17.5617,5.1962,9.619,1.2961
17,"ADV, CLSDIV=0, eps=0.1",35.75,5.0042,36.0714,5.7101,25.4643,3.9049,32.4286,14.6192,26.414,14.6192,6.9643,3.5714
18,"ADV, CLSDIV=1, eps=1e-06",31.3529,2.8314,30.1765,3.8548,22.4118,2.3163,27.9804,9.0025,23.1711,9.0025,5.5686,2.2287
19,"ADV, CLSDIV=1, eps=1.778279410038923e-05",31.5,2.2743,28.7,2.3751,19.1,1.9128,26.4333,6.5622,20.1,6.5622,7.3333,1.5498
20,"ADV, CLSDIV=1, eps=0.00031622776601683794",32.7857,3.5848,28.9643,3.7877,18.8571,1.9794,26.869,9.3519,19.9497,9.3519,8.0119,2.4575
21,"ADV, CLSDIV=1, eps=0.005623413251903491",30.2143,1.6695,30.0,1.9415,17.9643,1.7146,26.0595,5.3256,19.0682,5.3256,8.0952,1.2037
22,"ADV, CLSDIV=1, eps=0.1",34.3214,3.0166,30.8929,2.907,17.7143,2.1425,27.6429,8.0661,19.0682,8.0661,9.9286,1.9745
