,TS,ERR^CI,ERR^CI std,ERR^CJ,ERR^CJ std,ERR^CS,ERR^CS std,ERR,ERR std,W_ERR,W_ERR std,CIC,CIC std
0,NOAUG,-100.0,0.0,-100.0,0.0,-100.0,0.0,-100.0,0.0,-100.0,0.0,0.0,0.0
1,"AUG, g=0.001",36.5,0.0,50.5,0.0,45.5,0.0,44.1667,0.0,45.3182,0.0,7.6667,0.0
2,"AUG, g=0.01",58.0,0.0,49.5,0.0,50.0,0.0,52.5,0.0,50.3409,0.0,3.0,0.0
3,"AUG, g=0.1",39.5,0.0,47.5,0.0,46.0,0.0,44.3333,0.0,45.7727,0.0,4.8333,0.0
4,"DIFF with AUG, g=0.001",-100.0,0.0,-100.0,0.0,-100.0,0.0,-100.0,0.0,-100.0,0.0,0.0,0.0
5,"ADV, CLSDIV=0, eps=0.001",-100.0,0.0,-100.0,0.0,-100.0,0.0,-100.0,0.0,-100.0,0.0,0.0,0.0
6,"ADV, CLSDIV=0, eps=0.01",-100.0,0.0,-100.0,0.0,-100.0,0.0,-100.0,0.0,-100.0,0.0,0.0,0.0
7,"ADV, CLSDIV=0, eps=0.1",-100.0,0.0,-100.0,0.0,-100.0,0.0,-100.0,0.0,-100.0,0.0,0.0,0.0
8,"ADV, CLSDIV=1, eps=0.001",-100.0,0.0,-100.0,0.0,-100.0,0.0,-100.0,0.0,-100.0,0.0,0.0,0.0
9,"ADV, CLSDIV=1, eps=0.01",-100.0,0.0,-100.0,0.0,-100.0,0.0,-100.0,0.0,-100.0,0.0,0.0,0.0
10,"ADV, CLSDIV=1, eps=0.1",-100.0,0.0,-100.0,0.0,-100.0,0.0,-100.0,0.0,-100.0,0.0,0.0,0.0
