,TS,ERR^LC,ERR^LC std,ERR^LF,ERR^LF std,ERR^LT,ERR^LT std,ERR,ERR std,W_ERR,W_ERR std,CIC,CIC std
0,NOAUG,17.0,0.0,16.5,0.0,32.5,0.0,22.0,0.0,17.25,0.0,5.5,0.0
1,"AUG, g=0.001",17.0,0.0,12.0,0.0,29.0,0.0,19.3333,0.0,13.0,0.0,7.3333,0.0
2,"AUG, g=0.01",22.5,0.0,9.0,0.0,37.0,0.0,22.8333,0.0,10.8864,0.0,13.8333,0.0
3,"AUG, g=0.1",15.5,0.0,11.5,0.0,30.5,0.0,19.1667,0.0,12.5455,0.0,7.6667,0.0
4,"DIFF with AUG, g=0.001",19.0,0.0,10.0,0.0,34.0,0.0,21.0,0.0,11.5,0.0,11.0,0.0
5,"ADV, CLSDIV=0, eps=0.001",25.5,0.0,12.5,0.0,44.5,0.0,27.5,0.0,14.5455,0.0,15.0,0.0
6,"ADV, CLSDIV=0, eps=0.01",26.0,0.0,14.0,0.0,34.5,0.0,24.8333,0.0,15.4773,0.0,10.8333,0.0
7,"ADV, CLSDIV=0, eps=0.1",22.0,0.0,16.0,0.0,34.5,0.0,24.1667,0.0,17.1136,0.0,8.1667,0.0
8,"ADV, CLSDIV=1, eps=0.001",17.5,0.0,11.5,0.0,32.5,0.0,20.5,0.0,12.7273,0.0,9.0,0.0
9,"ADV, CLSDIV=1, eps=0.01",24.5,0.0,11.5,0.0,30.0,0.0,22.0,0.0,12.9318,0.0,10.5,0.0
10,"ADV, CLSDIV=1, eps=0.1",23.0,0.0,13.0,0.0,30.0,0.0,22.0,0.0,14.2273,0.0,9.0,0.0
