,TS,ERR^CI,ERR^CI std,ERR^CJ,ERR^CJ std,ERR^CS,ERR^CS std,ERR,ERR std,W_ERR,W_ERR std,CIC,CIC std
0,NOAUG,22.5156,1.1894,13.3906,0.7461,33.8281,1.4977,23.2448,3.4332,14.7344,3.4332,9.8542,0.8957
1,"AUG, g=0.0001",23.8889,1.6116,11.7222,1.1739,31.7222,1.5914,22.4444,4.3768,13.1843,4.3768,10.7222,1.0677
2,"AUG, g=0.00019952623149688788",22.4,2.5672,14.2,1.702,33.6,3.2938,23.4,7.5631,15.4545,7.5631,9.2,1.9537
3,"AUG, g=0.00039810717055349735",20.6667,1.9257,13.7222,1.2756,32.5,1.6818,22.2963,4.8831,14.8914,4.8831,8.5741,1.2025
4,"AUG, g=0.0007943282347242813",23.75,1.591,11.75,1.2374,29.75,2.6517,21.75,5.4801,13.1136,5.4801,10.0,1.4142
5,"AUG, g=0.001584893192461114",21.35,2.2062,12.55,1.2798,31.4,2.3901,21.7667,5.8761,13.8068,5.8761,9.2167,1.5321
6,"AUG, g=0.0031622776601683794",22.4167,2.2119,12.6667,1.4282,29.5,1.9559,21.5278,5.596,13.875,5.596,8.8611,1.3893
7,"AUG, g=0.00630957344480193",22.6667,2.2788,13.8333,1.4138,34.2778,2.4172,23.5926,6.1098,15.1641,6.1098,9.7593,1.5653
8,"AUG, g=0.012589254117941675",23.7143,2.7717,12.7857,1.0525,31.2857,3.1714,22.5952,6.9955,14.1234,6.9955,9.8095,1.981
9,"AUG, g=0.025118864315095794",24.4,1.1723,14.2,0.9188,30.85,2.5889,23.15,4.68,15.4205,4.68,8.95,1.2537
10,"AUG, g=0.0501187233627272",20.5,2.1447,13.0,0.4082,32.6667,2.0087,22.0556,4.5617,14.2348,4.5617,9.0556,1.3845
11,"AUG, g=0.1",25.125,1.9391,12.9375,1.2724,34.125,2.4497,24.0625,5.6612,14.4545,5.6612,11.125,1.4629
12,"DIFF with AUG, g=0.0001",25.0,4.7457,11.6667,1.8913,36.5,7.0042,24.3889,13.6412,13.4015,13.6412,12.7222,3.9166
13,"ADV, CLSDIV=0, eps=1e-06",24.2143,3.8494,14.5714,1.6193,36.7857,6.7832,25.1905,12.2519,16.0195,12.2519,10.619,3.5442
14,"ADV, CLSDIV=0, eps=1.778279410038923e-05",29.8571,3.1069,22.7857,1.7412,40.5714,6.7521,31.0714,11.6003,23.9156,11.6003,8.2857,3.2863
15,"ADV, CLSDIV=0, eps=0.00031622776601683794",28.8571,4.2779,18.2857,1.6683,38.3571,6.5389,28.5,12.4851,19.6786,12.4851,10.2143,3.6056
16,"ADV, CLSDIV=0, eps=0.005623413251903491",28.0714,5.0804,17.8571,1.5652,39.2143,7.5381,28.381,14.1837,19.2922,14.1837,10.5238,4.2062
17,"ADV, CLSDIV=0, eps=0.1",24.625,5.3328,17.25,2.6873,37.5,8.1367,26.4583,16.1567,18.5057,16.1567,9.2083,4.4898
18,"ADV, CLSDIV=1, eps=1e-06",30.0,3.2214,19.5,1.5367,42.7143,6.4652,30.7381,11.2232,21.0325,11.2232,11.2381,3.2289
19,"ADV, CLSDIV=1, eps=1.778279410038923e-05",27.8571,2.4801,18.5,1.4503,41.5,5.4362,29.2857,9.3666,19.9708,9.3666,10.7857,2.6388
20,"ADV, CLSDIV=1, eps=0.00031622776601683794",30.1429,6.6697,18.2143,2.5699,38.0,7.8603,28.7857,17.0999,19.6558,17.0999,10.5714,4.8433
21,"ADV, CLSDIV=1, eps=0.005623413251903491",29.3333,2.5927,18.1667,1.0999,40.25,3.9729,29.25,7.6656,19.678,7.6656,11.0833,2.1885
22,"ADV, CLSDIV=1, eps=0.1",27.375,3.0723,17.75,2.5216,41.5,4.0877,28.875,9.6816,19.267,9.6816,11.125,2.3867
