,TS,ERR^LC,ERR^LC std,ERR^LF,ERR^LF std,ERR^LT,ERR^LT std,ERR,ERR std,W_ERR,W_ERR std,CIC,CIC std
0,NOAUG,11.8462,0.7688,15.4231,0.7684,30.9615,1.9176,19.4103,3.4548,12.8776,3.4548,7.5641,0.8953
1,"AUG, g=0.0001",8.6875,0.6318,16.4375,1.4985,28.9375,1.9565,18.0208,4.0868,9.9602,4.0868,9.3333,1.1517
2,"AUG, g=0.00019952623149688788",10.6667,1.2996,16.1667,2.3271,22.5,2.7834,16.4444,6.41,11.4545,6.41,5.7778,1.7035
3,"AUG, g=0.00039810717055349735",11.375,0.8982,17.0625,1.4686,27.875,1.5418,18.7708,3.9086,12.3835,3.9086,7.3958,1.0035
4,"AUG, g=0.0007943282347242813",11.25,2.2981,19.5,2.4749,28.5,4.2426,19.75,9.0156,12.4091,9.0156,8.5,2.2392
5,"AUG, g=0.001584893192461114",11.8889,1.3367,17.8889,1.7179,29.7778,1.749,19.8519,4.8037,12.9747,4.8037,7.963,1.1556
6,"AUG, g=0.0031622776601683794",11.0714,0.9994,16.2857,1.5576,29.6429,1.837,19.0,4.394,12.1526,4.394,7.9286,1.1315
7,"AUG, g=0.00630957344480193",11.375,1.2131,18.4375,1.3115,28.875,1.9112,19.5625,4.4357,12.4915,4.4357,8.1875,1.0742
8,"AUG, g=0.012589254117941675",11.5,2.8284,19.25,3.0052,27.75,2.6517,19.5,8.4853,12.5909,8.4853,8.0,1.8856
9,"AUG, g=0.025118864315095794",11.1,1.1993,17.2,1.5138,29.35,3.1052,19.2167,5.8183,12.2068,5.8183,8.1167,1.5396
10,"AUG, g=0.0501187233627272",10.0,0.3536,17.75,2.2981,29.75,1.9445,19.1667,4.5962,11.25,4.5962,9.1667,1.4142
11,"AUG, g=0.1",11.125,1.0502,16.3125,1.1574,33.375,2.5894,20.2708,4.7969,12.3722,4.7969,9.1458,1.2489
12,"ADV, CLSDIV=0, eps=1e-06",17.4375,2.7751,18.5,3.5379,32.875,5.3644,22.9375,11.6774,18.1875,11.6774,5.5,2.9674
13,"ADV, CLSDIV=0, eps=1.778279410038923e-05",14.875,1.1369,16.6875,1.5316,28.875,2.4775,20.1458,5.146,15.5938,5.146,5.2708,1.3364
14,"ADV, CLSDIV=0, eps=0.00031622776601683794",15.75,2.0376,16.9375,2.1661,31.9375,3.3295,21.5417,7.5333,16.5398,7.5333,5.7917,1.8319
15,"ADV, CLSDIV=0, eps=0.005623413251903491",16.5,1.8518,18.375,2.6913,29.75,2.1093,21.5417,6.6523,17.1875,6.6523,5.0417,1.6002
16,"ADV, CLSDIV=0, eps=0.1",14.625,1.5183,16.6875,2.3279,29.75,2.4353,20.3542,6.2815,15.4062,6.2815,5.7292,1.5877
17,"ADV, CLSDIV=1, eps=1e-06",14.5,0.9131,15.875,1.4489,27.5,2.3942,19.2917,4.7562,15.1534,4.7562,4.7917,1.281
18,"ADV, CLSDIV=1, eps=1.778279410038923e-05",13.5,1.1226,16.75,1.7627,30.3125,2.6933,20.1875,5.5786,14.4119,5.5786,6.6875,1.4853
19,"ADV, CLSDIV=1, eps=0.00031622776601683794",15.3125,1.3308,16.625,1.2309,29.9375,2.2719,20.625,4.8337,16.0369,4.8337,5.3125,1.1676
20,"ADV, CLSDIV=1, eps=0.005623413251903491",16.5625,1.9146,16.625,2.1214,27.25,1.7938,20.1458,5.8298,17.0511,5.8298,3.5833,1.305
21,"ADV, CLSDIV=1, eps=0.1",19.0625,4.7725,21.1875,4.8987,32.5625,6.8378,24.2708,16.509,19.7727,16.509,5.2083,3.9122
22,"TOTAUG, CLSDIV=0, g=0.0001, eps=1e-06",19.5,0.0,19.0,0.0,29.5,0.0,22.6667,0.0,19.9318,0.0,3.6667,0.0
23,"TOTAUG, CLSDIV=0, g=0.0001, eps=0.00031622776601683794",21.0,0.0,21.5,0.0,27.5,0.0,23.3333,0.0,21.3182,0.0,2.3333,0.0
24,"TOTAUG, CLSDIV=0, g=0.0001, eps=0.1",14.5,0.0,16.0,0.0,28.5,0.0,19.6667,0.0,15.2045,0.0,5.1667,0.0
25,"TOTAUG, CLSDIV=0, g=0.0031622776601683794, eps=1e-06",17.0,0.0,19.0,0.0,37.0,0.0,24.3333,0.0,18.0,0.0,7.3333,0.0
26,"TOTAUG, CLSDIV=0, g=0.0031622776601683794, eps=0.00031622776601683794",9.0,0.0,18.5,0.0,23.0,0.0,16.8333,0.0,10.0682,0.0,7.8333,0.0
27,"TOTAUG, CLSDIV=0, g=0.0031622776601683794, eps=0.1",23.0,0.0,19.5,0.0,43.5,0.0,28.6667,0.0,23.7727,0.0,9.1667,0.0
28,"TOTAUG, CLSDIV=0, g=0.1, eps=1e-06",22.5,0.0,17.5,0.0,36.5,0.0,25.5,0.0,22.9091,0.0,8.0,0.0
29,"TOTAUG, CLSDIV=0, g=0.1, eps=0.00031622776601683794",21.5,0.0,21.5,0.0,29.5,0.0,24.1667,0.0,21.8636,0.0,2.6667,0.0
30,"TOTAUG, CLSDIV=0, g=0.1, eps=0.1",27.5,0.0,20.0,0.0,36.5,0.0,28.0,0.0,27.5682,0.0,8.0,0.0
31,"TOTAUG, CLSDIV=1, g=0.0001, eps=1e-06",20.0,0.0,21.5,0.0,23.5,0.0,21.6667,0.0,20.2273,0.0,1.6667,0.0
32,"TOTAUG, CLSDIV=1, g=0.0001, eps=0.00031622776601683794",13.0,0.0,19.5,0.0,28.5,0.0,20.3333,0.0,14.0,0.0,7.3333,0.0
33,"TOTAUG, CLSDIV=1, g=0.0001, eps=0.1",13.0,0.0,19.0,0.0,34.5,0.0,22.1667,0.0,14.25,0.0,9.1667,0.0
34,"TOTAUG, CLSDIV=1, g=0.0031622776601683794, eps=1e-06",18.0,0.0,16.5,0.0,29.0,0.0,21.1667,0.0,18.4318,0.0,4.6667,0.0
35,"TOTAUG, CLSDIV=1, g=0.0031622776601683794, eps=0.00031622776601683794",19.5,0.0,21.0,0.0,28.0,0.0,22.8333,0.0,19.9545,0.0,3.3333,0.0
36,"TOTAUG, CLSDIV=1, g=0.0031622776601683794, eps=0.1",18.5,0.0,18.5,0.0,27.5,0.0,21.5,0.0,18.9091,0.0,3.0,0.0
37,"TOTAUG, CLSDIV=1, g=0.1, eps=1e-06",19.5,0.0,15.5,0.0,20.5,0.0,18.5,0.0,19.3636,0.0,3.0,0.0
38,"TOTAUG, CLSDIV=1, g=0.1, eps=0.00031622776601683794",22.0,0.0,13.0,0.0,32.5,0.0,22.5,0.0,22.0682,0.0,9.5,0.0
39,"TOTAUG, CLSDIV=1, g=0.1, eps=0.1",13.0,0.0,19.0,0.0,33.0,0.0,21.6667,0.0,14.1818,0.0,8.6667,0.0
