,TS,ERR^LC,ERR^LC std,ERR^LF,ERR^LF std,ERR^LT,ERR^LT std,ERR,ERR std,W_ERR,W_ERR std,CIC,CIC std
0,NOAUG,13.5,0.0,11.5,0.0,15.5,0.0,13.5,0.0,13.5,0.0,2.0,0.0
1,"AUG, g=0.001",-100.0,0.0,-100.0,0.0,-100.0,0.0,-100.0,0.0,-100.0,0.0,0.0,0.0
2,"AUG, g=0.01",-100.0,0.0,-100.0,0.0,-100.0,0.0,-100.0,0.0,-100.0,0.0,0.0,0.0
3,"AUG, g=0.1",-100.0,0.0,-100.0,0.0,-100.0,0.0,-100.0,0.0,-100.0,0.0,0.0,0.0
4,"ADV, CLSDIV=0, eps=0.001",9.5,0.0,14.0,0.0,19.5,0.0,14.3333,0.0,11.5714,0.0,4.8333,0.0
5,"ADV, CLSDIV=0, eps=0.01",-100.0,0.0,-100.0,0.0,-100.0,0.0,-100.0,0.0,-100.0,0.0,0.0,0.0
6,"ADV, CLSDIV=0, eps=0.1",-100.0,0.0,-100.0,0.0,-100.0,0.0,-100.0,0.0,-100.0,0.0,0.0,0.0
7,"ADV, CLSDIV=1, eps=0.001",15.0,0.0,15.0,0.0,21.5,0.0,17.1667,0.0,15.9286,0.0,2.1667,0.0
8,"ADV, CLSDIV=1, eps=0.01",-100.0,0.0,-100.0,0.0,-100.0,0.0,-100.0,0.0,-100.0,0.0,0.0,0.0
9,"ADV, CLSDIV=1, eps=0.1",-100.0,0.0,-100.0,0.0,-100.0,0.0,-100.0,0.0,-100.0,0.0,0.0,0.0
