,TS,ERR^LC,ERR^LC std,ERR^LF,ERR^LF std,ERR^LT,ERR^LT std,ERR,ERR std,W_ERR,W_ERR std,CIC,CIC std
0,NOAUG,-100.0,0.0,-100.0,0.0,-100.0,0.0,-100.0,0.0,-100.0,0.0,0.0,0.0
1,"AUG, g=0.001",55.0,0.0,52.5,0.0,54.5,0.0,54.0,0.0,52.7045,0.0,1.5,0.0
2,"AUG, g=0.01",43.0,0.0,45.0,0.0,44.0,0.0,44.0,0.0,44.8636,0.0,1.0,0.0
3,"AUG, g=0.1",40.5,0.0,50.0,0.0,49.0,0.0,46.5,0.0,49.5227,0.0,6.0,0.0
4,"DIFF with AUG, g=0.001",-100.0,0.0,-100.0,0.0,-100.0,0.0,-100.0,0.0,-100.0,0.0,0.0,0.0
5,"ADV, CLSDIV=0, eps=0.001",-100.0,0.0,-100.0,0.0,-100.0,0.0,-100.0,0.0,-100.0,0.0,0.0,0.0
6,"ADV, CLSDIV=0, eps=0.01",-100.0,0.0,-100.0,0.0,-100.0,0.0,-100.0,0.0,-100.0,0.0,0.0,0.0
7,"ADV, CLSDIV=0, eps=0.1",-100.0,0.0,-100.0,0.0,-100.0,0.0,-100.0,0.0,-100.0,0.0,0.0,0.0
8,"ADV, CLSDIV=1, eps=0.001",-100.0,0.0,-100.0,0.0,-100.0,0.0,-100.0,0.0,-100.0,0.0,0.0,0.0
9,"ADV, CLSDIV=1, eps=0.01",-100.0,0.0,-100.0,0.0,-100.0,0.0,-100.0,0.0,-100.0,0.0,0.0,0.0
10,"ADV, CLSDIV=1, eps=0.1",-100.0,0.0,-100.0,0.0,-100.0,0.0,-100.0,0.0,-100.0,0.0,0.0,0.0
