85,15,12,88
79,21,11,89
79,21,8,92
