,TS,ERR^LC,ERR^LC std,ERR^LF,ERR^LF std,ERR^LT,ERR^LT std,ERR,ERR std,W_ERR,W_ERR std,CIC,CIC std
0,NOAUG,24.45,2.2816,24.45,1.8512,8.3,0.5597,19.0667,4.6926,9.7682,4.6926,10.7667,1.3776
1,"AUG, g=0.0001",21.1667,1.4429,21.4444,1.8467,9.3889,0.9367,17.3333,4.2263,10.4722,4.2263,7.9444,1.0965
2,"AUG, g=0.00019952623149688788",18.5,3.4413,23.3333,1.821,9.3333,1.7441,17.0556,7.0064,10.3864,7.0064,7.7222,1.7541
3,"AUG, g=0.00039810717055349735",21.9375,1.6753,20.75,2.4201,8.25,0.8687,16.9792,4.9641,9.4403,4.9641,8.7292,1.3651
4,"AUG, g=0.0007943282347242813",19.0,1.4142,16.5,0.7071,7.0,0.7071,14.1667,2.8284,7.9773,2.8284,7.1667,0.7071
5,"AUG, g=0.001584893192461114",20.4375,1.904,21.0,2.3848,11.0625,1.0571,17.5,5.3459,11.9403,5.3459,6.4375,1.4296
6,"AUG, g=0.0031622776601683794",21.2143,2.3916,20.2857,2.3845,9.8571,1.2391,17.119,6.0152,10.8474,6.0152,7.2619,1.5921
7,"AUG, g=0.00630957344480193",21.5714,2.8692,20.7143,2.6932,11.0714,0.9616,17.7857,6.5239,11.987,6.5239,6.7143,1.8541
8,"AUG, g=0.012589254117941675",20.6667,2.0233,22.75,2.7874,10.0833,1.0885,17.8333,5.8991,11.1402,5.8991,7.75,1.6035
9,"AUG, g=0.025118864315095794",20.75,1.8259,18.5,1.4116,10.25,0.9857,16.5,4.2233,11.1023,4.2233,6.25,1.0792
10,"AUG, g=0.0501187233627272",20.6667,1.3608,20.5,1.095,13.3333,0.3718,18.1667,2.8276,13.9924,2.8276,4.8333,0.8186
11,"AUG, g=0.1",21.4375,2.5498,19.6875,1.177,12.375,1.2395,17.8333,4.9663,13.1193,4.9663,5.4583,1.2423
12,"ADV, CLSDIV=0, eps=1e-06",25.5,3.8399,23.6875,4.0781,22.25,1.9618,23.8125,9.8798,22.4631,9.8798,1.5625,2.6393
13,"ADV, CLSDIV=0, eps=1.778279410038923e-05",25.5625,1.7923,23.125,2.4263,20.625,2.0408,23.1042,6.2593,20.9631,6.2593,2.4792,1.4062
14,"ADV, CLSDIV=0, eps=0.00031622776601683794",22.4167,1.2869,18.0833,1.9808,22.0,2.8377,20.8333,6.1053,21.8409,6.1053,2.75,1.3749
15,"ADV, CLSDIV=0, eps=0.005623413251903491",26.7,1.8182,22.3,2.7829,18.7,2.0663,22.5667,6.6674,19.2273,6.6674,3.8667,1.5337
16,"ADV, CLSDIV=0, eps=0.1",26.6,5.2151,24.0,4.93,20.3,3.1855,23.6333,13.3307,20.7545,13.3307,3.3333,3.3817
17,"ADV, CLSDIV=1, eps=1e-06",26.1875,3.6192,20.0625,3.7788,19.4375,3.2147,21.8958,10.6127,19.7727,10.6127,2.4583,2.466
18,"ADV, CLSDIV=1, eps=1.778279410038923e-05",24.4375,2.0645,24.875,2.8289,18.4375,3.1975,22.5833,8.0909,19.0028,8.0909,4.1458,1.6312
19,"ADV, CLSDIV=1, eps=0.00031622776601683794",23.1,3.4506,21.1,3.3444,19.0,1.8088,21.0667,8.6038,19.2818,8.6038,2.0667,2.265
20,"ADV, CLSDIV=1, eps=0.005623413251903491",24.0,3.6203,23.7,5.4388,20.0,3.8158,22.5667,12.8748,20.35,12.8748,2.5667,3.0197
21,"ADV, CLSDIV=1, eps=0.1",25.6,3.4732,23.0,5.4372,21.8,4.1759,23.4667,13.0863,22.0273,13.0863,1.6667,2.9701
22,"TOTAUG, CLSDIV=0, g=0.0001, eps=1e-06",30.0,0.0,23.5,0.0,18.0,0.0,23.8333,0.0,18.7955,0.0,5.8333,0.0
23,"TOTAUG, CLSDIV=0, g=0.0001, eps=0.00031622776601683794",19.0,0.0,13.0,0.0,30.5,0.0,20.8333,0.0,29.1818,0.0,7.8333,0.0
24,"TOTAUG, CLSDIV=0, g=0.0001, eps=0.1",22.5,0.0,25.5,0.0,14.0,0.0,20.6667,0.0,14.9091,0.0,6.6667,0.0
25,"TOTAUG, CLSDIV=0, g=0.0031622776601683794, eps=1e-06",20.5,0.0,16.0,0.0,23.0,0.0,19.8333,0.0,22.5682,0.0,3.8333,0.0
26,"TOTAUG, CLSDIV=0, g=0.0031622776601683794, eps=0.00031622776601683794",22.5,0.0,22.0,0.0,20.5,0.0,21.6667,0.0,20.6591,0.0,1.1667,0.0
27,"TOTAUG, CLSDIV=0, g=0.0031622776601683794, eps=0.1",25.0,0.0,23.0,0.0,15.0,0.0,21.0,0.0,15.8182,0.0,6.0,0.0
28,"TOTAUG, CLSDIV=0, g=0.1, eps=1e-06",23.0,0.0,24.5,0.0,23.5,0.0,23.6667,0.0,23.5227,0.0,0.6667,0.0
29,"TOTAUG, CLSDIV=0, g=0.1, eps=0.00031622776601683794",20.5,0.0,20.5,0.0,18.5,0.0,19.8333,0.0,18.6818,0.0,1.3333,0.0
30,"TOTAUG, CLSDIV=0, g=0.1, eps=0.1",28.5,0.0,26.0,0.0,46.5,0.0,33.6667,0.0,44.75,0.0,7.6667,0.0
31,"TOTAUG, CLSDIV=1, g=0.0001, eps=1e-06",23.5,0.0,22.0,0.0,11.5,0.0,19.0,0.0,12.5227,0.0,7.5,0.0
32,"TOTAUG, CLSDIV=1, g=0.0001, eps=0.00031622776601683794",44.5,0.0,44.5,0.0,42.5,0.0,43.8333,0.0,42.6818,0.0,1.3333,0.0
33,"TOTAUG, CLSDIV=1, g=0.0001, eps=0.1",21.5,0.0,20.0,0.0,20.5,0.0,20.6667,0.0,20.5227,0.0,0.6667,0.0
34,"TOTAUG, CLSDIV=1, g=0.0031622776601683794, eps=1e-06",22.5,0.0,19.5,0.0,15.0,0.0,19.0,0.0,15.5455,0.0,4.0,0.0
35,"TOTAUG, CLSDIV=1, g=0.0031622776601683794, eps=0.00031622776601683794",22.0,0.0,18.0,0.0,19.5,0.0,19.8333,0.0,19.5455,0.0,1.8333,0.0
36,"TOTAUG, CLSDIV=1, g=0.0031622776601683794, eps=0.1",18.5,0.0,13.0,0.0,21.5,0.0,17.6667,0.0,20.9773,0.0,4.6667,0.0
37,"TOTAUG, CLSDIV=1, g=0.1, eps=1e-06",34.0,0.0,37.0,0.0,22.0,0.0,31.0,0.0,23.2273,0.0,9.0,0.0
38,"TOTAUG, CLSDIV=1, g=0.1, eps=0.00031622776601683794",26.0,0.0,23.5,0.0,32.5,0.0,27.3333,0.0,31.7955,0.0,3.8333,0.0
39,"TOTAUG, CLSDIV=1, g=0.1, eps=0.1",29.0,0.0,37.5,0.0,28.0,0.0,31.5,0.0,28.4773,0.0,3.5,0.0
