,TS,ERR^CI,ERR^CI std,ERR^CJ,ERR^CJ std,ERR^CS,ERR^CS std,ERR,ERR std,W_ERR,W_ERR std,CIC,CIC std
0,NOAUG,26.0,0.0,13.0,0.0,38.5,0.0,25.8333,0.0,18.5,0.0,12.8333,0.0
1,"AUG, g=0.001",24.0,0.0,15.0,0.0,37.0,0.0,25.3333,0.0,19.4286,0.0,10.3333,0.0
2,"AUG, g=0.01",21.0,0.0,13.0,0.0,29.5,0.0,21.1667,0.0,16.5,0.0,8.1667,0.0
3,"AUG, g=0.1",20.5,0.0,12.5,0.0,35.5,0.0,22.8333,0.0,16.9286,0.0,10.3333,0.0
4,"ADV, CLSDIV=0, eps=0.001",21.0,0.0,11.0,0.0,36.5,0.0,22.8333,0.0,16.0714,0.0,11.8333,0.0
5,"ADV, CLSDIV=0, eps=0.01",18.5,0.0,14.5,0.0,42.5,0.0,25.1667,0.0,19.0714,0.0,10.6667,0.0
6,"ADV, CLSDIV=0, eps=0.1",22.0,0.0,17.0,0.0,36.5,0.0,25.1667,0.0,20.5,0.0,8.1667,0.0
7,"ADV, CLSDIV=1, eps=0.001",22.0,0.0,12.0,0.0,32.5,0.0,22.1667,0.0,16.3571,0.0,10.1667,0.0
8,"ADV, CLSDIV=1, eps=0.01",22.0,0.0,15.0,0.0,36.0,0.0,24.3333,0.0,19.0,0.0,9.3333,0.0
9,"ADV, CLSDIV=1, eps=0.1",25.0,0.0,12.5,0.0,34.5,0.0,24.0,0.0,17.4286,0.0,11.5,0.0
