,TS,ERR^CI,ERR^CI std,ERR^CJ,ERR^CJ std,ERR^CS,ERR^CS std,ERR,ERR std,W_ERR,W_ERR std,CIC,CIC std
0,NOAUG,15.5455,0.8302,20.4242,0.7485,28.4697,0.9915,21.4798,2.5702,16.3547,2.5702,5.9343,0.58
1,"AUG, g=0.0001",14.4444,1.1562,18.8889,1.6654,28.2778,2.2704,20.537,5.092,15.2753,5.092,6.0926,1.3119
2,"AUG, g=0.00019952623149688788",15.0,1.2247,20.1667,1.5762,25.8333,1.6049,20.3333,4.4059,15.7273,4.4059,5.3333,1.0604
3,"AUG, g=0.00039810717055349735",14.9444,1.0856,17.3333,1.5533,27.5,1.6175,19.9259,4.2565,15.6237,4.2565,4.9815,1.057
4,"AUG, g=0.0007943282347242813",16.75,1.591,17.0,0.7071,28.0,1.0607,20.5833,3.3588,17.2727,3.3588,3.8333,0.5893
5,"AUG, g=0.001584893192461114",16.2222,1.0741,20.3333,1.2983,27.6667,2.5283,21.4074,4.9007,16.9293,4.9007,5.1852,1.2755
6,"AUG, g=0.0031622776601683794",16.0833,1.0445,16.3333,0.9955,26.0,1.9862,19.4722,4.0262,16.5455,4.0262,3.3889,0.9939
7,"AUG, g=0.00630957344480193",15.2778,1.4197,19.2222,1.8251,29.1667,2.3377,21.2222,5.5825,16.0884,5.5825,5.9444,1.3876
8,"AUG, g=0.012589254117941675",16.0,1.4429,19.0714,1.6587,26.8571,0.9763,20.6429,4.0779,16.6331,4.0779,4.6429,0.8783
9,"AUG, g=0.025118864315095794",15.65,0.8787,19.45,1.7404,28.65,2.011,21.25,4.6301,16.4136,4.6301,5.6,1.2505
10,"AUG, g=0.0501187233627272",16.8333,2.8211,20.3333,1.3811,28.1667,2.8819,21.7778,7.0841,17.5076,7.0841,4.9444,1.421
11,"AUG, g=0.1",17.5,1.1379,18.25,1.3312,27.5,1.9435,21.0833,4.4126,17.9886,4.4126,3.5833,1.0916
12,"DIFF with AUG, g=0.0001",14.5,0.0,12.0,0.0,24.0,0.0,16.8333,0.0,14.8182,0.0,4.8333,0.0
13,"ADV, CLSDIV=0, eps=1e-06",20.9167,2.0927,25.25,3.3743,39.8333,2.6885,28.6667,8.1555,21.9735,8.1555,7.75,2.021
14,"ADV, CLSDIV=0, eps=1.778279410038923e-05",21.625,2.085,24.625,1.4192,42.625,1.6447,29.625,5.1489,22.7159,5.1489,8.0,1.0213
15,"ADV, CLSDIV=0, eps=0.00031622776601683794",22.5,0.9976,26.625,0.8965,39.0,1.4478,29.375,3.3419,23.4375,3.3419,6.875,0.7814
16,"ADV, CLSDIV=0, eps=0.005623413251903491",24.75,2.3611,28.0,2.8689,42.625,4.763,31.7917,9.9929,25.7102,9.9929,7.0417,2.544
17,"ADV, CLSDIV=0, eps=0.1",24.75,3.9204,26.625,3.1393,43.75,3.024,31.7083,10.0837,25.6989,10.0837,6.9583,2.0544
18,"ADV, CLSDIV=1, eps=1e-06",20.9167,1.8506,24.9167,2.3931,39.6667,3.211,28.5,7.4547,21.9508,7.4547,7.5833,1.868
19,"ADV, CLSDIV=1, eps=1.778279410038923e-05",26.375,2.1347,25.25,1.1954,42.625,2.8496,31.4167,6.1797,27.0625,6.1797,6.1667,1.6614
20,"ADV, CLSDIV=1, eps=0.00031622776601683794",21.125,1.2848,25.125,4.0232,37.875,2.6788,28.0417,7.9869,22.0682,7.9869,6.9167,2.234
21,"ADV, CLSDIV=1, eps=0.005623413251903491",22.25,3.5117,27.125,2.087,41.625,2.9186,30.3333,8.5172,23.3523,8.5172,8.0833,1.6685
22,"ADV, CLSDIV=1, eps=0.1",20.625,1.0371,24.125,2.2886,39.75,3.566,28.1667,6.8917,21.6534,6.8917,7.5417,1.9515
