,TS,ERR^LC,ERR^LC std,ERR^LF,ERR^LF std,ERR^LT,ERR^LT std,ERR,ERR std,W_ERR,W_ERR std,CIC,CIC std
0,NOAUG,-100.0,0.0,-100.0,0.0,-100.0,0.0,-100.0,0.0,-100.0,0.0,0.0,0.0
1,"AUG, g=0.001",47.5,0.0,48.5,0.0,47.5,0.0,47.8333,0.0,47.5455,0.0,0.3333,0.0
2,"AUG, g=0.01",45.0,0.0,54.5,0.0,41.5,0.0,47.0,0.0,45.2727,0.0,5.5,0.0
3,"AUG, g=0.1",46.5,0.0,45.0,0.0,54.0,0.0,48.5,0.0,46.7727,0.0,3.5,0.0
4,"DIFF with AUG, g=0.001",-100.0,0.0,-100.0,0.0,-100.0,0.0,-100.0,0.0,-100.0,0.0,0.0,0.0
5,"ADV, CLSDIV=0, eps=0.001",15.0,0.0,25.0,0.0,29.0,0.0,23.0,0.0,16.0909,0.0,8.0,0.0
6,"ADV, CLSDIV=0, eps=0.01",-100.0,0.0,-100.0,0.0,-100.0,0.0,-100.0,0.0,-100.0,0.0,0.0,0.0
7,"ADV, CLSDIV=0, eps=0.1",-100.0,0.0,-100.0,0.0,-100.0,0.0,-100.0,0.0,-100.0,0.0,0.0,0.0
8,"ADV, CLSDIV=1, eps=0.001",13.5,0.0,23.0,0.0,27.5,0.0,21.3333,0.0,14.5682,0.0,7.8333,0.0
9,"ADV, CLSDIV=1, eps=0.01",15.5,0.0,18.5,0.0,30.0,0.0,21.3333,0.0,16.2955,0.0,5.8333,0.0
10,"ADV, CLSDIV=1, eps=0.1",-100.0,0.0,-100.0,0.0,-100.0,0.0,-100.0,0.0,-100.0,0.0,0.0,0.0
