,TS,ERR^LC,ERR^LC std,ERR^LF,ERR^LF std,ERR^LT,ERR^LT std,ERR,ERR std,W_ERR,W_ERR std,CIC,CIC std
0,NOAUG,16.5833,1.6532,17.5833,2.5489,10.0,1.1624,14.7222,5.3646,12.0238,5.3646,4.7222,1.4007
1,"AUG, g=0.001",15.2857,1.5261,14.7857,1.643,11.0714,2.3717,13.7143,5.5407,12.2041,5.5407,2.6429,1.0563
2,"AUG, g=0.01",17.8571,2.5601,17.0714,2.384,10.5,2.4367,15.1429,7.3808,12.4898,7.3808,4.6429,1.648
3,"AUG, g=0.1",16.0833,2.91,18.0,4.1208,11.1667,1.9809,15.0833,9.0116,12.8452,9.0116,3.9167,2.3436
4,"DIFF with AUG, g=0.0001",-100.0,0.0,-100.0,0.0,-100.0,0.0,-100.0,0.0,-100.0,0.0,0.0,0.0
5,"ADV, CLSDIV=0, eps=1e-06",10.0,0.0,12.0,0.0,16.5,0.0,12.8333,0.0,14.9286,0.0,2.8333,0.0
6,"ADV, CLSDIV=0, eps=0.00031622776601683794",42.5,0.0,40.5,0.0,39.5,0.0,40.8333,0.0,40.0714,0.0,1.3333,0.0
7,"ADV, CLSDIV=0, eps=0.1",17.0,0.0,15.5,0.0,11.0,0.0,14.5,0.0,12.5,0.0,3.5,0.0
8,"ADV, CLSDIV=1, eps=1e-06",17.0,0.0,14.0,0.0,13.0,0.0,14.6667,0.0,13.7143,0.0,1.6667,0.0
9,"ADV, CLSDIV=1, eps=0.00031622776601683794",13.0,0.0,21.5,0.0,21.5,0.0,18.6667,0.0,20.2857,0.0,5.6667,0.0
10,"ADV, CLSDIV=1, eps=0.1",17.0,0.0,21.5,0.0,12.5,0.0,17.0,0.0,14.4286,0.0,4.5,0.0
