,TS,ERR^CI,ERR^CI std,ERR^CJ,ERR^CJ std,ERR^CS,ERR^CS std,ERR,ERR std,W_ERR,W_ERR std,CIC,CIC std
0,NOAUG,25.5,0.0,15.5,0.0,20.0,0.0,20.3333,0.0,20.1429,0.0,4.8333,0.0
1,"AUG, g=0.001",19.5,0.0,15.5,0.0,24.5,0.0,19.8333,0.0,22.5,0.0,4.3333,0.0
2,"AUG, g=0.01",21.5,0.0,16.0,0.0,27.5,0.0,21.6667,0.0,25.0,0.0,5.6667,0.0
3,"AUG, g=0.1",20.5,0.0,20.5,0.0,24.5,0.0,21.8333,0.0,23.3571,0.0,1.3333,0.0
4,"ADV, CLSDIV=0, eps=0.001",18.0,0.0,15.0,0.0,28.0,0.0,20.3333,0.0,24.7143,0.0,5.3333,0.0
5,"ADV, CLSDIV=0, eps=0.01",22.5,0.0,19.0,0.0,22.5,0.0,21.3333,0.0,22.0,0.0,2.3333,0.0
6,"ADV, CLSDIV=0, eps=0.1",23.0,0.0,17.0,0.0,27.5,0.0,22.5,0.0,25.3571,0.0,5.5,0.0
7,"ADV, CLSDIV=1, eps=0.001",19.5,0.0,14.5,0.0,26.0,0.0,20.0,0.0,23.4286,0.0,5.5,0.0
8,"ADV, CLSDIV=1, eps=0.01",20.0,0.0,14.5,0.0,19.5,0.0,18.0,0.0,18.8571,0.0,3.5,0.0
9,"ADV, CLSDIV=1, eps=0.1",18.5,0.0,17.5,0.0,32.0,0.0,22.6667,0.0,28.0,0.0,5.1667,0.0
