,TS,ERR^CI,ERR^CI std,ERR^CJ,ERR^CJ std,ERR^CS,ERR^CS std,ERR,ERR std,W_ERR,W_ERR std,CIC,CIC std
0,NOAUG,23.4839,0.9164,19.3387,0.8907,21.7258,0.8577,21.5161,2.6649,21.6972,2.6649,2.1774,0.5914
1,"AUG, g=0.0001",23.8889,1.7456,18.2222,2.1054,19.1111,1.3344,20.4074,5.1854,19.2879,5.1854,2.1852,1.0266
2,"AUG, g=0.00019952623149688788",24.75,1.9656,17.5833,1.5104,19.25,1.9388,20.5278,5.4148,19.4242,5.4148,2.9444,1.3015
3,"AUG, g=0.00039810717055349735",25.3889,1.152,21.7778,1.0249,21.0,1.0862,22.7222,3.2632,21.2348,3.2632,1.7222,0.7256
4,"AUG, g=0.0007943282347242813",22.25,1.2374,19.75,1.591,19.25,2.6517,20.4167,5.4801,19.4091,5.4801,1.1667,0.9428
5,"AUG, g=0.001584893192461114",24.85,1.4991,20.1,1.3715,19.35,1.5187,21.4333,4.3893,19.6341,4.3893,2.0833,0.9569
6,"AUG, g=0.0031622776601683794",23.9167,1.49,18.75,1.574,18.5833,2.1017,20.4167,5.1656,18.8333,5.1656,1.8333,1.0213
7,"AUG, g=0.00630957344480193",27.5,1.4647,20.6667,1.4457,20.5556,1.2088,22.9074,4.1192,20.8763,4.1192,2.3519,0.9701
8,"AUG, g=0.012589254117941675",25.2857,2.1206,19.5,1.164,22.4286,2.4165,22.4048,5.7011,22.4253,5.7011,2.9048,1.5124
9,"AUG, g=0.025118864315095794",24.35,1.5276,20.35,2.0324,21.9,1.664,22.2,5.2239,21.9409,5.2239,1.85,1.0639
10,"AUG, g=0.0501187233627272",26.0,1.739,24.3333,5.0717,20.6667,2.3647,23.6667,9.1754,21.0758,9.1754,3.0,2.2702
11,"AUG, g=0.1",24.5,1.6386,18.25,1.0839,24.125,1.7644,22.2917,4.4868,23.875,4.4868,4.0417,1.1343
12,"DIFF with AUG, g=0.0001",22.3,3.0405,17.8,2.4402,17.9,2.891,19.3333,8.3718,18.0955,8.3718,1.5333,1.9772
13,"ADV, CLSDIV=0, eps=1e-06",27.0714,4.4344,24.2143,3.6934,37.5714,3.4803,29.619,11.6082,36.487,11.6082,5.4048,2.6383
14,"ADV, CLSDIV=0, eps=1.778279410038923e-05",25.1429,2.3218,23.0,2.7836,34.6429,2.3036,27.5952,7.4091,33.6818,7.4091,4.5952,1.5418
15,"ADV, CLSDIV=0, eps=0.00031622776601683794",27.5,4.5918,26.0,4.4902,37.1429,3.0436,30.2143,12.1256,36.1981,12.1256,4.2143,2.5451
16,"ADV, CLSDIV=0, eps=0.005623413251903491",26.7857,3.0242,24.1429,4.0738,38.3571,2.5581,29.7619,9.6561,37.1851,9.6561,5.619,1.8608
17,"ADV, CLSDIV=0, eps=0.1",27.4286,5.0434,25.2143,5.0369,37.2143,4.4776,29.9524,14.5578,36.224,14.5578,4.7381,3.1737
18,"ADV, CLSDIV=1, eps=1e-06",27.8571,3.0704,20.8571,2.0764,35.7143,4.344,28.1429,9.4908,34.6818,9.4908,7.2857,2.4715
19,"ADV, CLSDIV=1, eps=1.778279410038923e-05",25.5,3.1507,21.2857,1.9015,35.2143,2.5346,27.3333,7.5867,34.1396,7.5867,6.0476,1.8951
20,"ADV, CLSDIV=1, eps=0.00031622776601683794",24.5714,2.4965,21.6429,2.4375,36.4286,1.7278,27.5476,6.6618,35.2175,6.6618,5.9048,1.4081
21,"ADV, CLSDIV=1, eps=0.005623413251903491",29.0714,6.5545,27.1429,5.7329,36.0714,5.1736,30.7619,17.4611,35.3474,17.4611,3.619,3.9094
22,"ADV, CLSDIV=1, eps=0.1",23.1429,3.9372,20.4286,2.4465,34.0,2.3441,25.8571,8.7277,32.8896,8.7277,5.4286,2.0937
