64,36,61,39
41,59,42,58
