31,69,11,89
25,75,9,91
