,TS,ERR^LC,ERR^LC std,ERR^LF,ERR^LF std,ERR^LT,ERR^LT std,ERR,ERR std,W_ERR,W_ERR std,CIC,CIC std
0,NOAUG,15.1667,1.7516,10.5,1.305,16.0,2.0768,13.8889,5.1333,11.9524,5.1333,3.3889,1.2761
1,"AUG, g=0.001",14.5,0.0,8.5,0.0,21.5,0.0,14.8333,0.0,11.2143,0.0,6.3333,0.0
2,"AUG, g=0.01",12.0,0.0,12.5,0.0,11.5,0.0,12.0,0.0,12.2857,0.0,0.5,0.0
3,"AUG, g=0.1",-100.0,0.0,-100.0,0.0,-100.0,0.0,-100.0,0.0,-100.0,0.0,0.0,0.0
4,"DIFF with AUG, g=0.0001",-100.0,0.0,-100.0,0.0,-100.0,0.0,-100.0,0.0,-100.0,0.0,0.0,0.0
5,"ADV, CLSDIV=0, eps=1e-06",24.0,0.0,22.0,0.0,21.5,0.0,22.5,0.0,22.2143,0.0,1.0,0.0
6,"ADV, CLSDIV=0, eps=0.00031622776601683794",16.5,0.0,13.5,0.0,15.0,0.0,15.0,0.0,14.1429,0.0,1.5,0.0
7,"ADV, CLSDIV=0, eps=0.1",27.0,0.0,28.0,0.0,15.0,0.0,23.3333,0.0,26.0,0.0,8.3333,0.0
8,"ADV, CLSDIV=1, eps=1e-06",19.0,0.0,24.0,0.0,18.5,0.0,20.5,0.0,22.5,0.0,2.0,0.0
9,"ADV, CLSDIV=1, eps=0.00031622776601683794",28.0,0.0,37.0,0.0,17.0,0.0,27.3333,0.0,32.8571,0.0,10.3333,0.0
10,"ADV, CLSDIV=1, eps=0.1",22.0,0.0,28.5,0.0,24.0,0.0,24.8333,0.0,26.9286,0.0,2.8333,0.0
