,TS,ERR^CI,ERR^CI std,ERR^CJ,ERR^CJ std,ERR^CS,ERR^CS std,ERR,ERR std,W_ERR,W_ERR std,CIC,CIC std
0,NOAUG,18.0,0.0,19.5,0.0,29.5,0.0,22.3333,0.0,19.8571,0.0,4.3333,0.0
1,"AUG, g=0.001",13.5,0.0,14.5,0.0,28.0,0.0,18.6667,0.0,15.7143,0.0,5.1667,0.0
2,"AUG, g=0.01",15.0,0.0,15.5,0.0,28.5,0.0,19.6667,0.0,17.0,0.0,4.6667,0.0
3,"AUG, g=0.1",15.0,0.0,19.5,0.0,30.0,0.0,21.5,0.0,17.7857,0.0,6.5,0.0
4,"ADV, CLSDIV=0, eps=0.001",13.25,1.591,18.25,0.8839,29.0,1.4142,20.1667,3.8891,16.2143,3.8891,6.9167,0.766
5,"ADV, CLSDIV=0, eps=0.01",16.0,1.4142,16.5,1.4142,28.25,2.2981,20.25,5.1265,17.8214,5.1265,4.25,1.2374
6,"ADV, CLSDIV=0, eps=0.1",-100.0,0.0,-100.0,0.0,-100.0,0.0,-100.0,0.0,-100.0,0.0,0.0,0.0
7,"ADV, CLSDIV=1, eps=0.001",16.75,0.8839,14.5,1.7678,28.75,4.0659,20.0,6.7175,18.1429,6.7175,5.5,1.6499
8,"ADV, CLSDIV=1, eps=0.01",16.25,2.6517,16.0,2.8284,28.0,0.7071,20.0833,6.1872,17.8929,6.1872,4.0833,1.1196
9,"ADV, CLSDIV=1, eps=0.1",-100.0,0.0,-100.0,0.0,-100.0,0.0,-100.0,0.0,-100.0,0.0,0.0,0.0
