,TS,ERR^CI,ERR^CI std,ERR^CJ,ERR^CJ std,ERR^CS,ERR^CS std,ERR,ERR std,W_ERR,W_ERR std,CIC,CIC std
0,NOAUG,30.0,0.0,14.0,0.0,47.0,0.0,30.3333,0.0,16.2273,0.0,16.3333,0.0
1,"AUG, g=0.001",23.5,0.0,13.0,0.0,37.0,0.0,24.5,0.0,14.5682,0.0,11.5,0.0
2,"AUG, g=0.01",25.5,0.0,19.0,0.0,38.5,0.0,27.6667,0.0,20.1818,0.0,8.6667,0.0
3,"AUG, g=0.1",28.0,0.0,10.5,0.0,41.0,0.0,26.5,0.0,12.6818,0.0,16.0,0.0
4,"DIFF with AUG, g=0.001",21.5,0.0,14.0,0.0,37.0,0.0,24.1667,0.0,15.3864,0.0,10.1667,0.0
5,"ADV, CLSDIV=0, eps=0.001",-100.0,0.0,-100.0,0.0,-100.0,0.0,-100.0,0.0,-100.0,0.0,0.0,0.0
6,"ADV, CLSDIV=0, eps=0.01",-100.0,0.0,-100.0,0.0,-100.0,0.0,-100.0,0.0,-100.0,0.0,0.0,0.0
7,"ADV, CLSDIV=0, eps=0.1",-100.0,0.0,-100.0,0.0,-100.0,0.0,-100.0,0.0,-100.0,0.0,0.0,0.0
8,"ADV, CLSDIV=1, eps=0.001",-100.0,0.0,-100.0,0.0,-100.0,0.0,-100.0,0.0,-100.0,0.0,0.0,0.0
9,"ADV, CLSDIV=1, eps=0.01",-100.0,0.0,-100.0,0.0,-100.0,0.0,-100.0,0.0,-100.0,0.0,0.0,0.0
10,"ADV, CLSDIV=1, eps=0.1",-100.0,0.0,-100.0,0.0,-100.0,0.0,-100.0,0.0,-100.0,0.0,0.0,0.0
